                                                                                                                    1  0 99990001 999900 |         2  0 0001 999900         | 1  1 99009902 999900
                                                                                                                    2  1 0003 999900                     |                    2  2 0104 999900
                                                          1  2 99990305 999901 |         2  3 0203 999901         | 1  3 01039906 990001 | 0  0 000103 040809 000102 060710 | 1  4 02990407 990002 |         2  4 0405 999902         | 1  5 99990408 999902
                                                          2  5 0207 999901                     |                    2  6 0308 990100                     |                    2  7 0409 990200                     |                    2  8 0510 999902
1  6 99990912 999903 |         2  9 0607 999903         | 1  7 99050913 990103 | 0  1 020307 081314 030506 131418 | 1  8 06991014 000104 |         2 10 0809 990004         | 1  9 07109915 000405 | 0  2 040509 101516 040708 151619 | 1 10 99081116 990205 |         2 11 1011 999905         | 1 11 99991117 999905
2 12 0612 999903                     |                    2 13 0713 990103                     |                    2 14 0814 990104                     |                    2 15 0915 990204                     |                    2 16 1016 990205                     |                    2 17 1117 999905
1 12 99991220 999903 | 0  3 060712 131819 091213 202126 | 1 13 99131821 010306 |         2 18 1314 990306         | 1 14 99141822 010406 | 0  4 080914 152021 101415 222327 | 1 15 99151923 020407 |         2 19 1516 990207         | 1 16 99161924 020507 | 0  5 101116 172223 111617 242528 | 1 17 99991725 999905
2 20 1218 999903                     |                    2 21 1319 990306                     |                    2 22 1420 990406                     |                    2 23 1521 990407                     |                    2 24 1622 990507                     |                    2 25 1723 999905
1 18 99202629 990308 |         2 26 1819 990308         | 1 19 99212630 030608 | 0  6 131419 202526 182122 303135 | 1 20 99222731 040609 |         2 27 2021 990409         | 1 21 99232732 040709 | 0  7 151621 222728 192324 323336 | 1 22 99242833 050710 |         2 28 2223 990510         | 1 23 99252834 990510
2 29 1824 999908                     |                    2 30 1925 990608                     |                    2 31 2026 990609                     |                    2 32 2127 990709                     |                    2 33 2228 990710                     |                    2 34 2329 999910
1 24 99992937 999908 | 0  8 181924 253031 262930 373843 | 1 25 99303538 060811 |         2 35 2526 990611         | 1 26 99313539 060911 | 0  9 202126 273233 273132 394044 | 1 27 99323640 070912 |         2 36 2728 990712         | 1 28 99333641 071012 | 0 10 222328 293435 283334 414245 | 1 29 99993442 999910
2 37 2430 999908                     |                    2 38 2531 990811                     |                    2 39 2632 990911                     |                    2 40 2733 990912                     |                    2 41 2834 991012                     |                    2 42 2935 999910
1 30 99374346 990813 |         2 43 3031 990813         | 1 31 99384347 081113 | 0 11 252631 323738 353839 474852 | 1 32 99394448 091114 |         2 44 3233 990914         | 1 33 99404449 091214 | 0 12 272833 343940 364041 495053 | 1 34 99414550 101215 |         2 45 3435 991015         | 1 35 99424551 991015
2 46 3036 999913                     |                    2 47 3137 991113                     |                    2 48 3238 991114                     |                    2 49 3339 991214                     |                    2 50 3440 991215                     |                    2 51 3541 999915
1 36 99994654 999913 | 0 13 303136 374243 434647 545560 | 1 37 99475255 111316 |         2 52 3738 991116         | 1 38 99485256 111416 | 0 14 323338 394445 444849 565761 | 1 39 99495357 121417 |         2 53 3940 991217         | 1 40 99505358 121517 | 0 15 343540 414647 455051 585962 | 1 41 99995159 999915
2 54 3642 999913                     |                    2 55 3743 991316                     |                    2 56 3844 991416                     |                    2 57 3945 991417                     |                    2 58 4046 991517                     |                    2 59 4147 999915
1 42 99995460 999913 |         2 60 4243 999913         | 1 43 99556063 991316 | 0 16 373843 444849 525556 636467 | 1 44 99566164 141618 |         2 61 4445 991418         | 1 45 99576165 141718 | 0 17 394045 465051 535758 656668 | 1 46 99586266 991517 |         2 62 4647 999915         | 1 47 99995962 999915
                                                          2 63 4348 999916                     |                    2 64 4449 991618                     |                    2 65 4550 991718                     |                    2 66 4651 999917
                                                          1 48 99996367 999916 |         2 67 4849 999916         | 1 49 99646769 991618 | 0 18 444549 505253 616465 697071 | 1 50 99656870 991718 |         2 68 5051 999917         | 1 51 99996668 999917
                                                                                                                    2 69 4952 999918                     |                    2 70 5053 999918
                                                                                                                    1 52 99996971 999918 |         2 71 5253 999918         | 1 53 99997071 999918
