                                                                      4 0 21 | 1  0 0 | 3 0 0 | 2  0  0 | 3 0 0 | 1  1 0
                                                                      4 0 23 | 3  0 1     |     4  0  9     |     3  0 1
                                                                      4 0 22 | 2  1 0     |     0  0  0     |     2  2 0
                                                                      4 0 23 | 3  0 1     |     0  0  1     |     3  0 1
                                   4 0 11 | 1  2 0 | 3 0 0 | 2  3  0 | 3 0 0 | 1  3 0     |     0  0  2     |     1  4 0 | 3 0 0 | 2  4  0 | 3 0 0 | 1  5 0
                                   4 0 13 | 3  0 1     |     4  0  9     |     3  0 1     |     0  0  3     |     3  0 1     |     4  0  9     |     3  0 1
                                   4 0 12 | 2  5 0     |     0  1  0     |     2  6 0     |     4  0  8     |     2  7 0     |     0  2  0     |     2  8 0
                                   4 0 13 | 3  0 1     |     0  1  1     |     3  0 1     |     4  0  9     |     3  0 1     |     0  2  1     |     3  0 1
 4 0 1 | 1  6 0 | 3 0 0 | 2  9  0 | 3 0 0 | 1  7 0     |     0  1  2     |     1  8 0 | 3 0 0 | 2 10  0 | 3 0 0 | 1  9 0     |     0  2  2     |     1 10 0 | 3 0 0 | 2 11  0 | 3 0 0 | 1 11 0
 4 0 3 | 3  0 1     |     4  0  9     |     3  0 1     |     0  1  3     |     3  0 1     |     4  0  9     |     3  0 1     |     0  2  3     |     3  0 1     |     4  0  9     |     3  0 1
 4 0 2 | 2 12 0     |     0  3  0     |     2 13 0     |     4  0  8     |     2 14 0     |     0  4  0     |     2 15 0     |     4  0  8     |     2 16 0     |     0  5  0     |     2 17 0
 4 0 3 | 3  0 1     |     0  3  1     |     3  0 1     |     4  0  9     |     3  0 1     |     0  4  1     |     3  0 1     |     4  0  9     |     3  0 1     |     0  5  1     |     3  0 1
 4 0 1 | 1 12 0     |     0  3  2     |     1 13 0 | 3 0 0 | 2 18  0 | 3 0 0 | 1 14 0     |     0  4  2     |     1 15 0 | 3 0 0 | 2 19  0 | 3 0 0 | 1 16 0     |     0  5  2     |     1 17 0
 4 0 3 | 3  0 1     |     0  3  3     |     3  0 1     |     4  0  9     |     3  0 1     |     0  4  3     |     3  0 1     |     4  0  9     |     3  0 1     |     0  5  3     |     3  0 1
 4 0 2 | 2 20 0     |     4  0  8     |     2 21 0     |     0  6  0     |     2 22 0     |     4  0  8     |     2 23 0     |     0  7  0     |     2 24 0     |     4  0  8     |     2 25 0
 4 0 3 | 3  0 1     |     4  0  9     |     3  0 1     |     0  6  1     |     3  0 1     |     4  0  9     |     3  0 1     |     0  7  1     |     3  0 1     |     4  0  9     |     3  0 1
 4 0 1 | 1 18 0 | 3 0 0 | 2 26  0 | 3 0 0 | 1 19 0     |     0  6  2     |     1 20 0 | 3 0 0 | 2 27  0 | 3 0 0 | 1 21 0     |     0  7  2     |     1 22 0 | 3 0 0 | 2 28  0 | 3 0 0 | 1 23 0
 4 0 3 | 3  0 1     |     4  0  9     |     3  0 1     |     0  6  3     |     3  0 1     |     4  0  9     |     3  0 1     |     0  7  3     |     3  0 1     |     4  0  9     |     3  0 1
 4 0 2 | 2 29 0     |     0  8  0     |     2 30 0     |     4  0  8     |     2 31 0     |     0  9  0     |     2 32 0     |     4  0  8     |     2 33 0     |     0 10  0     |     2 34 0
 4 0 3 | 3  0 1     |     0  8  1     |     3  0 1     |     4  0  9     |     3  0 1     |     0  9  1     |     3  0 1     |     4  0  9     |     3  0 1     |     0 10  1     |     3  0 1
 4 0 1 | 1 24 0     |     0  8  2     |     1 25 0 | 3 0 0 | 2 35  0 | 3 0 0 | 1 26 0     |     0  9  2     |     1 27 0 | 3 0 0 | 2 36  0 | 3 0 0 | 1 28 0     |     0 10  2     |     1 29 0
 4 0 3 | 3  0 1     |     0  8  3     |     3  0 1     |     4  0  9     |     3  0 1     |     0  9  3     |     3  0 1     |     4  0  9     |     3  0 1     |     0 10  3     |     3  0 1
 4 0 2 | 2 37 0     |     4  0  8     |     2 38 0     |     0 11  0     |     2 39 0     |     4  0  8     |     2 40 0     |     0 12  0     |     2 41 0     |     4  0  8     |     2 42 0
 4 0 3 | 3  0 1     |     4  0  9     |     3  0 1     |     0 11  1     |     3  0 1     |     4  0  9     |     3  0 1     |     0 12  1     |     3  0 1     |     4  0  9     |     3  0 1
 4 0 1 | 1 30 0 | 3 0 0 | 2 43  0 | 3 0 0 | 1 31 0     |     0 11  2     |     1 32 0 | 3 0 0 | 2 44  0 | 3 0 0 | 1 33 0     |     0 12  2     |     1 34 0 | 3 0 0 | 2 45  0 | 3 0 0 | 1 35 0
 4 0 3 | 3  0 1     |     4  0  9     |     3  0 1     |     0 11  3     |     3  0 1     |     4  0  9     |     3  0 1     |     0 12  3     |     3  0 1     |     4  0  9     |     3  0 1
 4 0 2 | 2 46 0     |     0 13  0     |     2 47 0     |     4  0  8     |     2 48 0     |     0 14  0     |     2 49 0     |     4  0  8     |     2 50 0     |     0 15  0     |     2 51 0
 4 0 3 | 3  0 1     |     0 13  1     |     3  0 1     |     4  0  9     |     3  0 1     |     0 14  1     |     3  0 1     |     4  0  9     |     3  0 1     |     0 15  1     |     3  0 1
 4 0 1 | 1 36 0     |     0 13  2     |     1 37 0 | 3 0 0 | 2 52  0 | 3 0 0 | 1 38 0     |     0 14  2     |     1 39 0 | 3 0 0 | 2 53  0 | 3 0 0 | 1 40 0     |     0 15  2     |     1 41 0
 4 0 3 | 3  0 1     |     0 13  3     |     3  0 1     |     4  0  9     |     3  0 1     |     0 14  3     |     3  0 1     |     4  0  9     |     3  0 1     |     0 15  3     |     3  0 1
 4 0 2 | 2 54 0     |     4  0  8     |     2 55 0     |     0 16  0     |     2 56 0     |     4  0  8     |     2 57 0     |     0 17  0     |     2 58 0     |     4  0  8     |     2 59 0
 4 0 3 | 3  0 1     |     4  0  9     |     3  0 1     |     0 16  1     |     3  0 1     |     4  0  9     |     3  0 1     |     0 17  1     |     3  0 1     |     4  0  9     |     3  0 1
 4 0 1 | 1 42 0 | 3 0 0 | 2 60  0 | 3 0 0 | 1 43 0     |     0 16  2     |     1 44 0 | 3 0 0 | 2 61  0 | 3 0 0 | 1 45 0     |     0 17  2     |     1 46 0 | 3 0 0 | 2 62  0 | 3 0 0 | 1 47 0
                                   4 0 13 | 3  0 1     |     0 16  3     |     3  0 1     |     4  0  9     |     3  0 1     |     0 17  3     |     3  0 1
                                   4 0 12 | 2 63 0     |     4  0  8     |     2 64 0     |     0 18  0     |     2 65 0     |     4  0  8     |     2 66 0
                                   4 0 13 | 3  0 1     |     4  0  9     |     3  0 1     |     0 18  1     |     3  0 1     |     4  0  9     |     3  0 1
                                   4 0 11 | 1 48 0 | 3 0 0 | 2 67  0 | 3 0 0 | 1 49 0     |     0 18  2     |     1 50 0 | 3 0 0 | 2 68  0 | 3 0 0 | 1 51 0
                                                                      4 0 23 | 3  0 1     |     0 18  3     |     3  0 1
                                                                      4 0 22 | 2 69 0     |     4  0  8     |     2 70 0
                                                                      4 0 23 | 3  0 1     |     4  0  9     |     3  0 1
                                                                      4 0 21 | 1 52 0 | 3 0 0 | 2 71  0 | 3 0 0 | 1 53 0
